<?xml version="1.0"?>
<opencv_storage>
<distortion_coeffs type_id="opencv-matrix">
  <rows>1</rows>
  <cols>5</cols>
  <dt>d</dt>
  <data>
    1.6251102591398264e-01 -5.4875451514497697e-01
    -4.9301006674236821e-03 -1.0012969905293218e-03
    9.9766515718062765e-01</data></distortion_coeffs>
<distortion_std type_id="opencv-matrix">
  <rows>1</rows>
  <cols>5</cols>
  <dt>d</dt>
  <data>
    2.1552388395191750e-02 1.7701022147132506e-01 2.6275347166665607e-03
    2.7032589237440804e-03 4.7209834685612850e-01</data></distortion_std>
</opencv_storage>
