<?xml version="1.0"?>
<opencv_storage>
<f>1.0554626949612398e+03</f>
<b>4.9552312072860701e+01</b>
</opencv_storage>
