<?xml version="1.0"?>
<opencv_storage>
<f>1.0403645753879541e+03</f>
<b>1.8013201721910963e+01</b>
</opencv_storage>
