<?xml version="1.0"?>
<opencv_storage>
<f>1.0554626949612398e+03</f>
<b>6.8973272879465153e+00</b>
</opencv_storage>
