<?xml version="1.0"?>
<opencv_storage>
<f>1.0403645753879541e+03</f>
<b>1.0998701255440064e+01</b>
</opencv_storage>
