<?xml version="1.0"?>
<opencv_storage>
<distortion_coeffs type_id="opencv-matrix">
  <rows>1</rows>
  <cols>5</cols>
  <dt>d</dt>
  <data>
    2.8074362010859899e-01 -1.5364654070149357e+00
    4.0861009699836547e-03 6.6946607417154805e-03 2.9065231525863844e+00</data></distortion_coeffs>
<distortion_std type_id="opencv-matrix">
  <rows>1</rows>
  <cols>5</cols>
  <dt>d</dt>
  <data>
    9.8566339347480776e-03 2.2323877693226499e-01 2.1538412103943201e-03
    3.2877952840778455e-03 6.9292871015199609e-01</data></distortion_std>
</opencv_storage>
