<?xml version="1.0"?>
<opencv_storage>
<intrinsics type_id="opencv-matrix">
  <rows>3</rows>
  <cols>3</cols>
  <dt>d</dt>
  <data>
    1.0717524482186855e+03 0. 6.5069772075142828e+02 0.
    1.0693691808503659e+03 3.5948061266746572e+02 0. 0. 1.</data></intrinsics>
<intrinsics_std type_id="opencv-matrix">
  <rows>3</rows>
  <cols>3</cols>
  <dt>d</dt>
  <data>
    9.8119313584474668e+00 0. 6.7509319911194208e+00 0.
    9.1570002768940419e+00 7.2197735304573216e+00 0. 0. 0.</data></intrinsics_std>
</opencv_storage>
