<?xml version="1.0"?>
<opencv_storage>
<extrinsics type_id="opencv-matrix">
  <rows>3</rows>
  <cols>4</cols>
  <dt>d</dt>
  <data>
    7.5812209091067384e-01 -4.7801644431264401e-01
    4.4356642596112356e-01 -3.9832619742049125e+01
    3.7838432251074594e-01 8.7643884540509809e-01 2.9779230134955181e-01
    -2.0960962894596911e+00 -5.3110846326462524e-01
    -5.7924340580410905e-02 8.4532157846408529e-01
    8.7774024517423143e+01</data></extrinsics>
<translation_norm>9.6412191112714410e+01</translation_norm>
</opencv_storage>
