<?xml version="1.0"?>
<opencv_storage>
<extrinsics type_id="opencv-matrix">
  <rows>3</rows>
  <cols>4</cols>
  <dt>d</dt>
  <data>
    -8.6041484684850011e-02 1.7277922717057437e-01
    9.8119529226936530e-01 -4.6016756318981038e+01
    9.1057288906189499e-02 9.8208934048641749e-01
    -1.6495180338513510e-01 4.4930478671395910e+00
    -9.9212168258247491e-01 7.5152285136864158e-02
    -1.0023323295407569e-01 1.1062279139515618e+02</data></extrinsics>
<translation_norm>1.1989633571261938e+02</translation_norm>
</opencv_storage>
